13031
13039.8
13077.3
13051.1
13056.9
13056.8
13003.4
13060.5
13070.5
13048.6
13085.6
13069.7
13051.6
13055.4
13024.4
13022.4
13040.5
13063.8
13047.2
13082.2
13043.4
13038.7
13052
13055.3
13059.3
13080.9
13103.8
13075.8
13059.7
13108.6
13082.7
13062.3
13081.2
13091.8
13097.9
13106.5
13093.5
13083.4
13111.5
13121.5
13107.8
13149.2
13157.8
13128.2
13120.4
13140.4
13141.6
13106.2
13140.2
13135.4
13137.7
13151.4
13197.6
13161.7
13168.8
13157.3
13153
13175.7
13169.9
13210.6
13174.2
13194
13191.9
13218.7
13203.6
13246.9
13253.6
13233.8
13240
13227.2
13221.8
13255.2
13299.2
13288.3
13255.5
13296.9
13297.1
13319.6
13316.6
13309.2
13331.4
13310
13343.7
13366.9
13338.2
13355.2
13359.8
13390.8
13393.2
13365.7
13411.8
13407.6
13418
13441.5
13458.9
13446.6
13477.9
13497.4
13490.1
13522.4
13489.1
13509.3
13554.4
13582.4
13562.8
13594.1
13574.7
13583.3
13600
13634.2
13616
13650.5
13677.6
13682
13691.6
13725.9
13738.6
13735.6
13775.9
13791.1
13843.4
13857
13832.1
13837.6
13907.6
13913.4
13910.5
13950.9
13957.1
13967.2
14041.9
14000.3
14074.2
14081.7
14105
14167.2
14150.3
14196.4
14227.5
14232.3
14293.2
14309.4
14334.9
14382.2
14422.6
14425.2
14490.8
14556
14518.7
14632.6
14681.8
14698.3
14735.6
14761.8
14848.9
14872.1
14938.4
14984.9
15078.7
15179
15190.9
15233.6
15311.9
15421.1
15501.5
15578.2
15648.8
15770.1
15855.1
15969.1
16048.2
16171.5
16286.4
16462.2
16569.4
16751.2
16922.1
17120.1
17276.9
17495
17795.7
18051.9
18333.3
18686.4
19021.4
19481.3
19956.7
20514.3
21144.7
21929.6
22837.1
23995.8
25344.3
27193.4
29573.6
32988.1
38044.5
46568.9
63862.3
117430
-2.02393e+06
-81911.6
-35592.9
-19684.8
-11626.1
-6768.22
-3480.29
-1147.15
617.786
1996.24
3063.68
3991.74
4705.77
5353.14
5930.59
6442.46
6808.18
7188.41
7514.51
7813.08
8109.29
8309.58
8527.66
8774.81
8942.2
9146.01
9266.4
9456.36
9561.04
9722.35
9824.86
9911.68
10022.1
10149
10274.9
10348.1
10436.8
10485.7
10589.5
10635.7
10747.5
10786.2
10861.4
10937.2
11000.9
11031.9
11100
11192.4
11252.6
11297.4
11373.7
11374.6
11427.9
11450.8
11534.1
11584.3
11586.5
11620.2
11692.1
11729.7
11790.6
11793.2
11817.4
11880.8
11912.5
11956.5
11981.9
12028
12069.3
12084
12075.2
12163.5
12167.9
12220.9
12268.8
12256.1
12307.1
12361.1
12381
12401.4
12439.8
12473.5
12489.1
12517.3
12532.5
12534.7
12608.9
12641.9
12638.3
12681.3
12689.1
12721.6
12716.9
12721.7
12812.8
12828.4
12851
12866.1
12940.3
12925.1
13023.2
12999.9
13027.4
13047.4
13078.2
13079.8
13170.1
13179.4
13176.3
13190.2
13246.3
13248.5
13302.6
13326.6
13337.2
13377.2
13401.3
13443.1
13465.6
13438
13493.6
13555.6
13569.2
13583
13602
13655.6
13665.8
13693.3
13740.6
13760.7
13778.7
13814.6
13837
13844
13927.1
13961.7
13956.4
13978.8
14045.3
14059.3
14067.2
14120.3
14148
14150
14201.9
14259.9
14244.6
14303.8
14318.1
14350.9
14407.9
14397.4
14438.3
14465
14534
14563.9
14600.4
14599.1
14687
14706.2
14788.9
14781.1
14820.2
14873.1
14883.1
14940
14985
15008.8
15039.9
15106.2
15120.4
15205.8
15214.6
15245.6
15326.9
15375.5
15415.3
15414.3
15462.4
15526.8
15592.1
15631.4
15651.5
15760.6
15786.5
15800
15870
15939.9
15972
16038.5
16113.8
16156.8
16198.2
16285
16304.3
16363.2
16433.1
16505.6
16549.9
16628.7
16680
16752.5
16814.1
16936
16989.3
17041.7
17102.5
17164.4
17279.1
17350.6
17406.2
17500.9
17588.4
17663.4
17777.4
17831.5
17927.7
18027
18140.5
18201.1
18317.1
18430.7
18514.8
18632.2
18686
18840.3
18921
19087.1
19189.3
19323.6
19429.3
19570.5
19697.6
19822
19973.6
20107.5
20281.3
20400.5
20559.6
20743.3
20902
21103.3
21264.2
21449.4
21643.3
21848.9
22039.8
22280.9
22499
22720.4
22985.1
23243
23448.3
23747.3
24036
24328.8
24601.5
24967.9
25297
25660.1
26019.7
26432.6
26826.9
27255.5
27735.3
28207.1
28674.5
29201.4
29823.8
30458.4
31087.2
31795.9
32555.8
33321.5
34201.9
35120.5
36162.8
37250.9
38465.3
39766.6
41217.8
42799.2
44590.3
46544.2
48759.9
51322.2
54179.9
57559.1
61449.5
66055.6
71630.9
78424
86966.5
97970
112751
133556
165082
218538
328858
690528
-4.87423e+06
-520133
-269636
-179636
-133311
-105035
-86055.5
-72339.8
-62032.6
-53967.3
-47534.2
-42183.5
-37770.8
-33973.4
-30778.7
-27982.5
-25544.1
-23393.7
-21405.7
-19742.9
-18146.9
-16713.7
-15437.7
-14245.3
-13173.9
-12224.8
-11316
-10475.4
-9661.63
-8914.7
-8247.4
-7591.05
-7014.54
-6451.55
-5862.28
-5391.25
-4912.4
-4444.08
-4013.63
-3624.81
-3213.74
-2864.67
-2476.36
-2139.65
-1809.26
-1538.81
-1252.85
-960.412
-684.039
-423.024
-159.122
58.3377
300.883
521.929
733.522
929.379
1166.28
1319.81
1518.89
1718.04
1873.71
2073.46
2227.08
2341.65
2561.17
2698.93
2887.67
2981.46
3121.23
3293.27
3384.27
3522.52
3639.75
3771.42
3898.73
4009.5
4149
4224.07
4329.48
4448.42
4531.23
4662.69
4777.58
4874.6
4932.81
5066.02
5143.39
5228.41
5328.63
5390.82
5492.37
5559.16
5652
5717.17
5795.23
5875.82
5938.22
5994.74
6039.51
6180.38
6453.76
6338.27
6414.7
6484.74
6510.73
6583.34
6623.29
6756.81
6800.76
6839.2
6902.07
6969.22
7043.39
7106.93
7171.21
7180.94
7276.23
7318.16
7326.6
7407.28
7466.97
7495.81
7554.73
7685.15
7660.41
7708.98
7806.1
7854.1
7868.68
7934.99
7987.56
8013.28
8084.14
8110.88
8187.29
8221.18
8215.21
8295.21
8321.78
8404.34
8430.39
8455.39
8514.67
8582.42
8582.8
8649.82
8710.11
8747.37
8761.55
8809.23
8832.02
8928.18
8945.56
8947.41
9009.53
9034.37
9057.91
9128.04
9179.87
9201.07
9248.82
9259.78
9339.17
9359
9379.76
9438.02
9460.93
9512.83
9556.65
9599.72
9621.29
9654.82
9701.14
9723.59
9792.85
9806.6
9806.53
9840.08
9912.94
9945.5
9985.46
10043.2
10043.2
10064.8
10086.7
10200.7
10172.2
10224.9
10238.4
10280.3
10344.3
10396.4
10404.3
10460.5
10437.3
10443
10496.4
10554
10574.2
10646
10670.8
10704.8
10758.6
10774.2
10807.3
10852.8
10875.3
10910.1
10940
10981.8
11017.8
11024.7
11089.2
11101.9
11120.9
11200.2
11196.3
11218.3
11325.8
11355.4
11352.8
11403.9
11420.7
11470.7
11494.3
11510.3
11557.9
11642.3
11639.3
11684.8
11724.2
11713.9
11787.3
11786.4
11830.6
11905.4
11865.8
11943.8
11989.5
12014.5
12044.1
12079.5
12125.4
12176
12195
12208.6
12275.1
12312.6
12337.8
12355.1
12424.4
12428.8
12497.7
12518.3
12544.8
12618.5
12641.7
12678.5
12724
12768.2
12791.4
12814.5
12872.5
12928.5
12941.2
12976.3
13004.4
13092.2
13111.6
13118.9
13172
13228.6
13271.2
13332.6
13378.3
13391.8
13435.6
13488.4
13508.8
13561.2
13626.1
13674.7
13659.2
13749.2
13768.8
13807.4
13834.1
13913.2
13971.8
14015.6
14077
14038.6
14138.3
14176.1
14175.2
14233.1
14310.4
14372
14379.5
14450.3
14531.5
14569.5
14622.7
14617.4
14694.3
14759
14773.6
14815.9
14884.4
14932.4
15016.7
15047.1
15062
15116
15190.3
15312
15313.2
15384.1
15458.9
15450.1
15581.3
15586.9
15682.5
15682.7
15762.7
15837.2
15823
15907.8
15983.2
16065.8
16101.5
16153.8
16258.9
16292.4
16351
16408.7
16476.5
16587.2
16640.9
16685
16771.5
16822
16890.3
16924.5
17008
17117.9
17169.5
17228.3
17347.6
17375.3
17479.8
17536.6
17595.1
17699.7
17733.3
17852.1
17928.9
17984.2
18094.8
18177.4
18280.9
18328.2
18457.8
18499.4
18601.2
18712.6
18793.2
18851.4
18910.8
19049.4
19155.7
19238.8
19309.8
19421
19508.6
19623
19736.9
19772.3
19893.8
20002
20143.4
20228
20363.8
20465
20557.7
20715.6
20801.7
20962.7
21039.8
21142.8
21291.6
21315.6
21517.5
21617.4
21748.5
21917.8
22048.1
22155.4
22256.5
22394.2
22588.3
22711.2
22822.8
23069.8
23150.5
23294.5
23470.1
23624
23771.5
23961.3
24118.1
24311.7
24453
24635.2
24812.7
24986.3
25186.7
25377.2
25574.9
25756
25933.6
26151.2
26326.3
26586.4
26749.3
26974.4
27226.4
27458.1
27725.6
27915.5
28178.4
28358
28642.8
28937.2
29175.5
29463.5
29714.2
30031
30276.5
30551.5
30870.8
31180.4
31486.2
31810.8
32161.6
32496.8
32886.9
33205.1
33608
33930.2
34355.7
34743.4
35121.3
35579.7
35996.1
36392.7
36910.1
37413.3
37871.2
38403
38923.1
39414.4
39979.5
40561.6
41089.4
41732.1
42372.2
43008.2
43718.5
44420.9
45173.8
45898
46673.6
47499.1
48323.3
49258.8
50093.8
51060.8
52051.7
53072.7
54235.1
55328.1
56537.3
57788.7
59108.3
60499.9
61967.7
63498.6
65122.4
66811.4
68612.3
70541.8
72598.3
74784.3
77133.9
79594.4
82253
85154.8
88258.8
91565.4
95416.9
99198.7
103493
108210
113427
119176
125536
132704
140741
149940
160464
172591
186790
203659
223980
248960
280345
321102
375955
453929
573480
779974
1.22245e+06
2.84478e+06
-8.51378e+06
-1.69817e+06
-940904
-649716
-495505
-400033
-335179
-288142
-252549
-224634
-202158
-183719
-168239
-155139
-143819
-134025
-125435
-117851
-111068
-105015
-99554
-94554.2
-90052.7
-85973.2
-82158.2
-78725
-75469.3
-72524.4
-69803.6
-67172.6
-64749.1
-62543.2
-60371.8
-58429.4
-56548.9
-54764.5
-53080.2
-51548.1
-50010.2
-48612.8
-47241.3
-45975
-44768.3
-43619.4
-42481.9
-41436.6
-40404.1
-39441.2
-38477.1
-37582.3
-36715.3
-35876.6
-35095.7
-34357.2
-33631.9
-32926.8
-32207.1
-31544.4
-30908.8
-30270.4
-29686.5
-29143.1
-28559.9
-28048.4
-27464
-27003.2
-26490
-26016.1
-25513.3
-25081.5
-24644.8
-24243.9
-23801.6
-23442
-23030
-22625.8
-22242.4
-21911.6
-21551.9
-21253.5
-20861.2
-20534.4
-20273.3
-19926.4
-19582.6
-19291.7
-19023.7
-18776.5
-18428.9
-18195
-17953.6
-17660.6
-17403.7
-17157.6
-16921.9
-16694
-16445.4
-16177.3
-15992.9
-15758.2
-15573.2
-15361.8
-15193.4
-14941.5
-14734.4
-14578.9
-14346.3
-14168.7
-13981.9
-13810.9
-13698
-13476.5
-13301.3
-13130.8
-12954.2
-12759.1
-12650.7
-12470.1
-12354.3
-12193.1
-12049.3
-11885.7
-11735.5
-11581.9
-11411.4
-11327.5
-11175.5
-11053.9
-10948.3
-10785.7
-10645.5
-10551.2
-10441.2
-10323.3
-10187.6
-10083
-9957.82
-9859.22
-9722.67
-9614.48
-9501.38
-9358.64
-9309.32
-9160.98
-9071.84
-8975.04
-8876.68
-8800.85
-8661.33
-8598.74
-8487.77
-8394.19
-8290.49
-8196.93
-8144.17
-8006.11
-7932.62
-7837.23
-7844.17
-7642.26
-7550.98
-7491.59
-7427.82
-7362.45
-7261.25
-7201.4
-7084.98
-7002.44
-6973.93
-6851.47
-6876.13
-6717.68
-6710.83
-6611.63
-6554.21
-6446.3
-6373.8
-6329.31
-6247.51
-6173.24
-6122.86
-6054.89
-6043.04
-5886.36
-5845.38
-5754.25
-5784.89
-5646.36
-5632.41
-5616.2
-5492.57
-5441.79
-5349.35
-5338.36
-5227.51
-5232.64
-5148.53
-5115.69
-5063.93
-4993.01
-4943.22
-4918.23
-4788.48
-4786.27
-4755.81
-4654.11
-4624.08
-4564.91
-4537.66
-4499.94
-4437.3
-4400.19
-4370.26
-4277.76
-4228.25
-4212.16
-4125.83
-4119.24
-4062.36
-4033.15
-3963.12
-3936.68
-3914.27
-3865.55
-3837.13
-3727.32
-3733.64
-3659.79
-3604.09
-3623.54
-3568.76
-3515.15
-3519.82
-3413.95
-3406.22
-3314.18
-3278.94
-3287.02
-3281.94
-3196.79
-3161.38
-3146.6
-3041.34
-3022.33
-3008.97
-2945.22
-2941.57
-2952.29
-2852.03
-2862.37
-2799.09
-2761.34
-2810.57
-2724.35
-2665.1
-2698.1
-2593.32
-2574.88
-2552.28
-2550.03
-2537.91
-2435.42
-2449.05
-2423.34
-2369.45
-2325.91
-2309.25
-2319.12
-2221.94
-2187.61
-2163.64
-2139.5
-2112.97
-2103.32
-2083
-2046.15
-1989.58
-2004.15
-2025.6
-1862.21
-1915.44
-1868.67
-1817.41
-1873.11
-1809.51
-1794.16
-1747.84
-1731.51
-1724.77
-1654.38
-1672.46
-1635.33
-1628.28
-1577.51
-1574.66
-1467.88
-1513.58
-1510.22
-1438.63
-1430.21
-1390.45
-1415.64
-1333.6
-1352.38
-1336.28
-1284.09
-1246.36
-1230.03
-1260.49
-1204.11
-1214.23
-1097.09
-1129.42
-1077.04
-1091.46
-1043.18
-1063.92
-1050.37
-1007.47
-1035.65
-945.225
-958.388
-944.122
-938.538
-861.655
-844.664
-829.955
-795.617
-850.448
-768.555
-806.654
-729.673
-720.523
-738.751
-750.603
-724.906
-605.613
-646.98
-634.362
-607.849
-584.944
-636.272
-527.47
-523.009
-502.431
-472.049
-461.553
-471.807
-471.725
-455.355
-404.237
-400.824
-379.712
-352.091
-311.698
-296.674
-309.105
-313.38
-292.486
-248.877
-231.713
-212.729
-216.877
-240.68
-167.292
-154.1
-153.48
-118.067
-161.124
-120.639
-148.896
-66.9305
-79.4159
-37.0214
-45.303
-123.702
118.403
10.7186
10.1362
111.392
89.5599
112.974
69.1499
162.123
138.594
140.463
121.456
173.952
193.503
192.381
189.007
204.868
219.981
233.662
291.541
258.612
254.67
276.734
322.485
410.051
342.263
336.925
365.569
386.018
386.548
415.587
430.14
425.13
433.694
478.444
460.615
459.906
515.066
481.787
482.613
523.061
528.149
521.971
547.011
555.503
570.209
622.425
598.067
602.341
585.371
604.742
668.585
636.439
672.965
678.549
700.386
756.786
717.154
694.883
753.332
720.014
761.058
813.641
813.106
796.958
792.881
784.549
890.713
848.844
813.649
834.446
870.518
879.747
918.425
868.009
890.177
951.066
926.026
953.445
939.009
942.733
971.387
995.264
964.63
1015.7
996.263
1010.09
1002.67
1016.09
1043.02
1014.81
1052.9
1064.04
1066.61
1078.5
1078.88
1104.07
1129.29
1020.26
1002.71
924.822
1422.24
1263.21
1182.13
1149.11
1173.59
1198.33
1236.52
1212.92
1228.14
1257.68
1269.77
1261.09
1246.25
1259.22
1261.47
1251.06
1236.41
1319.41
1271.82
1338.94
1295.52
1317.73
1343.21
1356.74
1341.15
1372.59
1370.51
1379.8
1355.15
1358.18
1435.91
1412.28
1404.24
1423.61
1406.26
1405.58
1470.8
1469.58
1468.34
1465.3
1463.8
1477.67
1470.96
1479.34
1499.19
1525.43
1506.74
1528.27
1518.84
1519.3
1513.58
1522.7
1518.74
1550.9
1559.19
1562.15
1580.82
1605.19
1611.1
1567.34
1580.23
1617
1652.46
1597.55
1660.58
1618.25
1617.05
1606.4
1665.3
1692.83
1674.15
1681.37
1685.1
1642.39
1692.41
1731.65
1679.66
1729.77
1708.14
1703.88
1767.63
1737.34
1777.74
1739.16
1751.54
1785.3
1735.75
1758.31
1821.04
1803.24
1801.27
1813.13
1843.86
1890.22
1827.75
1795.91
1901.25
1636.2
1810.52
1809.29
1797.66
1846.22
1853.87
1832
1848.26
1836.46
1894.3
1903.83
1878.7
1884.91
1923.89
1920.7
1910.09
1882.67
1907.06
1906.48
1916
1941.77
1965.59
1968.87
1947.06
1963.78
1941.43
1915.31
1986.25
1935.78
1987.11
2003.77
2027.85
2017.89
2009.91
2017.71
2018.09
2015.55
2024.13
2049.35
1996.76
2046.41
2028.47
2058.87
2047
2021.62
2053.22
2097.27
2028.93
2106.37
2099.15
2100.18
2102.95
2081.71
2068.87
2103.61
2169.49
2068.5
2155.06
2142.5
2144.95
2076.37
2159.07
2120.84
2155.16
2151.66
2132.49
2133.05
2173.74
2178.39
2156.13
2163.9
2153.39
2190.2
2179.36
2207.73
2160.04
2215.38
2193.03
2188.64
2209.37
2246.44
2229.76
2193.59
2213.91
2258.79
2248.81
2226.57
2268.04
2200.74
2236.15
2270.82
2259.02
2255.63
2323.41
2291.26
2273.05
2328.63
2216.94
2246.85
2263.72
2257.73
2323.82
2294.65
2282.76
2284.55
2261.69
2360.57
2310.27
2326.29
2338.3
2389.8
2331.21
2308.89
2324.58
2342.83
2346.98
2324.79
2340.46
2362.1
2341.83
2379.85
2329.42
2398.13
2376.23
2375.49
2362.64
2399.66
2401.59
2409.76
2385.79
2399.3
2452.35
2408.97
2410.55
2385.12
2398.46
2383.73
2364.54
2392.72
2491.99
2425.3
2424.22
2407.6
2486.95
2466.7
2440.35
2425.46
2450.53
2466.82
2445.44
2428.83
2464.81
2539.71
2422.87
2459.61
2518.12
2483.62
2442.21
2481.17
2454.85
2423.19
2485.36
2491.64
2480.42
2511.54
2483.97
2506.33
2516.42
2521.94
2471.63
2489.15
2517.31
2552.2
2451.97
2532.93
2478.89
2566.6
2558.29
2512.48
2525.97
2558.76
2532.44
2553.06
2556.47
2543.54
2541.87
2517.09
2546.61
2576.38
2621.99
2584.19
2626.19
2559.85
2564.13
2515.34
2583.21
2531.29
2565.69
2532.97
2574.19
2588.26
2544.13
2478.83
2709.93
2621.06
2631.83
2629.48
2621.3
2582.32
2632.28
2592.12
2628.36
2656.36
2627.5
2624.64
2647.03
2613.32
2627.28
2639.04
2628.76
2655.6
2600.6
2656.31
2626.19
2676.67
2636.97
2628.87
2687.88
2658.67
2727.09
2660.15
2660.96
2692.21
2697.81
2648.79
2640.94
2685.3
2640.94
2664.79
2653.52
2663.21
2672.96
2723.13
2719.41
2667.92
2637.1
2693.39
2672.55
2685.33
2646.34
2726.37
2711.71
2715.44
2669.73
2740.52
2676.86
2713.55
2728.98
2728.84
2684.8
2703.75
2698
2709.56
2737.82
2698.25
2696.87
2735.43
2743.31
2717.8
2726.99
2734.12
2744.75
2746.66
2780.51
2748.18
2705.91
2711.21
2758.42
2708.78
2736.58
2785.79
2746.86
2734.97
2781.02
2747.5
2733.89
2778.81
2789.8
2777.06
2768.93
2771.73
2720.38
2743.54
2716.72
2746.14
2746.69
2759.04
2783.83
2742.2
2805.31
2688.13
2794.97
2773.41
2737.65
2731.83
2760.48
2793.93
2809.11
2775.52
2809.29
2776.93
2813.8
2800.35
2763.74
2727.43
2784.69
2769.34
2778.29
2784.92
2770.61
2754.61
2794.88
2826.09
2829.82
2799.92
2812.74
2806.69
2843.8
2782.78
2804.19
2765.85
2811.33
2787.92
2811.68
2808.24
2784.95
2770.46
2825.65
2828.83
2798.36
2832.65
2814.62
2805.66
2815.62
2828.3
2842.44
2801.95
2818.48
2841.99
2821.05
2837.87
2842.71
2794.8
2787.6
2830.96
2829.2
2801.36
2833.55
2812.97
2828.17
2810.36
2816.35
2860.7
2798.43
2831.08
2879.02
2812.04
2837.71
2844.23
2869.04
2827.73
2827.8
2804.08
2856.05
2801.42
2857.66
2817.7
2844.81
2851.35
2866.01
2841.58
2873.8
2810.02
2915.36
2842.53
2842.48
2856.19
2890.69
2791.2
2843.78
2813.77
2865.2
2808.63
2850.29
2850.74
2878.46
2889.75
2883.8
2883.92
2859.57
2831.4
2874.14
2835.95
2807.01
2863.13
2830.39
2823.5
2860.38
2893.35
2879.73
2829.99
2890.86
2872.63
2847.07
2863.65
2837.95
2876.92
2858.95
2888.36
2853.44
2868.22
2819.26
2877.34
2897.21
2855.91
2839.94
2873.65
2832.16
2855.77
2924.44
2841.34
2855.25
2866.54
2804.56
2844.41
2860.08
2881.92
2829.75
2869.57
2868.38
2825.47
2887.51
2871.48
2860.34
2888.49
2865.36
2874.35
2880.19
2887.58
2893.77
2871.85