0
13042
10298
3537
6628
8894
-180
-6237
3161
12753
6933
-2575
-1939
-1737
-12252
-18745
-8367
3760
1705
-3475
1357
5049
-3012
-8101
2877
15017
12339
5687
8033
8246
-4024
-13473
-6229
3457
-156
-6374
-2563
-232
-10040
-16772
-6441
6745
6776
3811
9896
13043
2361
-6761
238
9817
6408
340
3687
4427
-8304
-18882
-12282
-1637
-2466
-4782
2899
7859
-1410
-9606
-1629
9635
8800
5802
11983
14464
1689
-10769
-7145
453
-2792
-6718
-65
3944
-6700
-16726
-10376
361
625
301
10185
16470
6592
-4397
-475
6953
3610
-186
6607
10203
-2071
-15136
-12646
-5539
-7768
-8982
1590
9568
1498
-8173
-3333
5161
3533
2256
12122
18610
8032
-5213
-4650
-460
-5722
-9404
-422
6613
-2412
-13552
-10549
-3584
-5694
-5898
6682
16968
10182
-282
1706
6247
810
-3039
6077
13323
3859
-9032
-9107
-5933
-11650
-14380
-2641
8451
3375
-5366
-2079
3453
-900
-3091
8566
18971
12379
1056
741
2023
-6625
-12457
-3164
6443
437
-9349
-7550
-3779
-9639
-12348
430
13671
10897
3271
5695
8440
122
-5970
3160
12987
7187
-3147
-3145
-2408
-12064
-18436
-8143
4389
2463
-3518
615
4725
-2603
-7680
3131
15601
12971
5406
6923
7443
-4144
-13543
-6347
3844
462
-6521
-3446
-759
-9847
-16488
-6158
7565
7817
4005
9196
12498
2338
-6836
89
10206
7057
191
2681
3609
-8541
-19067
-12384
-1020
-1419
-4425
2419
7501
-1302
-9572
-1622
10279
9804
6032
11260
13733
1316
-11263
-7629
729
-1978
-6495
-653
3440
-6794
-16906
-10507
1037
1874
947
9933
16143
6475
-4796
-969
7195
4429
72
6013
9569
-2459
-15744
-13246
-5246
-6715
-8320
1504
9458
1569
-8439
-3721
5560
4612
2873
11904
18253
7728
-5961
-5566
-551
-5005
-8971
-645
6394
-2485
-14019
-11152
-3321
-4574
-5029
6880
17078
10279
-778
878
6140
1498
-2599
5887
13091
3652
-9797
-10143
-6141
-10906
-13697
-2423
8729
3693
-5672
-2778
3454
-53
-2383
8735
19111
12446
372
-444
1492
-6262
-12105
-3173
6582
646
-9799
-8453
-3997
-8921
-11590
857
14229
11434
2986
4754
7991
470
-5645
3157
13157
7384
-3733
-4352
-3064
-11813
-18048
-7900
4967
3172
-3579
-139
4401
-2147
-7188
3397
16129
13541
5092
5785
6628
-4217
-13534
-6434
4197
1038
-6687
-4348
-1292
-9604
-16120
-5840
8353
8811
4163
8453
11919
2346
-6840
-24
10564
7664
12
1637
2764
-8738
-19162
-12432
-411
-396
-4088
1898
7105
-1169
-9463
-1571
10907
10774
6227
10480
12949
957
-11682
-8058
1008
-1176
-6288
-1283
2891
-6870
-17007
-10577
1721
3113
1570
9623
15746
6349
-5136
-1415
7445
5239
314
5367
8870
-2849
-16286
-13781
-4927
-5646
-7657
1374
9278
1626
-8653
-4055
5974
5698
3481
11628
17810
7393
-6667
-6430
-615
-4262
-8523
-905
6104
-2581
-14440
-11698
-3026
-3423
-4142
7033
17104
10331
-1253
87
6056
2213
-2138
5659
12780
3404
-10532
-11134
-6313
-10113
-12972
-2227
8932
3965
-5964
-3445
3476
833
-1641
8872
19165
12452
-314
-1608
985
-5850
-11700
-3192
6655
808
-10243
-9330
-4186
-8147
-10774
1276
14713
11908
2687
3814
7550
862
-5262
3151
13257
7524
-4331
-5552
-3703
-11503
-17581
-7637
5495
3829
-3656
-899
4079
-1644
-6630
3673
16596
14046
4745
4627
5808
-4244
-13447
-6490
4511
1568
-6873
-5264
-1828
-9311
-15669
-5485
9104
9750
4288
7674
11313
2382
-6770
-106
10890
8225
-195
558
1898
-8894
-19169
-12425
186
597
-3775
1339
6674
-1012
-9279
-1475
11515
11703
6387
9647
12115
614
-12027
-8430
1287
-392
-6098
-1952
2300
-6925
-17028
-10583
2410
4333
2171
9259
15284
6219
-5417
-1808
7696
6038
536
4669
8110
-3236
-16756
-14248
-4583
-4570
-6998
1197
9033
1670
-8812
-4336
6402
6784
4077
11294
17287
7033
-7328
-7240
-653
-3500
-8066
-1203
5745
-2696
-14809
-12183
-2699
-2248
-3246
7141
17043
10340
-1702
-665
5993
2952
-1661
5390
12387
3116
-11236
-12072
-6446
-9276
-12211
-2057
9060
4192
-6238
-4078
3525
1752
-871
8977
19130
12397
-994
-2743
504
-5392
-11245
-3223
6659
923
-10675
-10177
-4344
-7323
-9905
1683
15119
12317
2375
2882
7120
1295
-4829
3138
13288
7602
-4937
-6739
-4320
-11135
-17042
-7361
5968
4432
-3748
-1660
3764
-1097
-6009
3955
16998
14483
4369
3456
4985
-4224
-13282
-6520
4783
2049
-7074
-6186
-2361
-8966
-15134
-5099
9813
10634
4378
6863
10687
2451
-6631
-157
11178
8734
-433
-545
1017
-9007
-19087
-12366
767
1550
-3487
747
6215
-827
-9020
-1338
12096
12587
6508
8767
11239
291
-12293
-8747
1560
367
-5926
-2657
1672
-6956
-16967
-10530
3099
5530
2743
8840
14762
6089
-5634
-2152
7947
6817
738
3923
7295
-3620
-17150
-14644
-4217
-3493
-6346
975
8726
1707
-8912
-4560
6841
7861
4656
10902
16684
6650
-7935
-7989
-666
-2724
-7603
-1541
5321
-2828
-15123
-12606
-2341
-1055
-2344
7202
16899
10309
-2119
-1370
5951
3707
-1175
5080
11915
2793
-11903
-12955
-6541
-8399
-11418
-1913
9112
4376
-6486
-4669
3597
2702
-80
9044
19007
12284
-1664
-3846
51
-4891
-10750
-3268
6593
990
-11090
-10986
-4470
-6449
-8988
2077
15447
12662
2055
1964
6704
1767
-4349
3116
13245
7620
-5547
-7907
-4909
-10709
-16434
-7073
6381
4977
-3850
-2413
3459
-506
-5329
4239
17329
14851
3968
2276
4166
-4157
-13046
-6526
5008
2479
-7289
-7111
-2886
-8570
-14521
-4685
10473
11455
4433
6029
10043
2555
-6420
-180
11422
9187
-699
-1670
125
-9076
-18916
-12256
1325
2464
-3225
127
5731
-613
-8687
-1160
12648
13416
6590
7842
10325
-9
-12480
-9009
1825
1097
-5775
-3394
1014
-6962
-16822
-10416
3785
6697
3285
8370
14185
5960
-5786
-2441
8193
7568
914
3130
6427
-3995
-17468
-14971
-3835
-2420
-5703
713
8360
1738
-8949
-4729
7289
8924
5216
10455
16009
6248
-8487
-8678
-656
-1941
-7139
-1917
4832
-2972
-15378
-12962
-1956
150
-1443
7214
16673
10240
-2501
-2028
5927
4475
-684
4727
11365
2436
-12528
-13776
-6597
-7489
-10602
-1798
9090
4520
-6708
-5215
3695
3674
728
9071
18797
12115
-2319
-4908
-372
-4352
-10214
-3329
6456
1013
-11485
-11750
-4561
-5530
-8029
2451
15694
12941
1731
1065
6306
2274
-3825
3081
13129
7580
-6156
-9048
-5470
-10227
-15762
-6777
6732
5463
-3959
-3155
3168
126
-4594
4522
17590
15146
3542
1098
3356
-4043
-12738
-6512
5182
2853
-7519
-8030
-3399
-8123
-13832
-4245
11081
12212
4460
5175
9389
2691
-6140
-177
11620
9581
-994
-2809
-772
-9097
-18658
-12098
1858
3331
-2988
-516
5230
-368
-8278
-944
13164
14190
6633
6880
9380
-285
-12588
-9217
2077
1792
-5647
-4158
330
-6938
-16593
-10241
4461
7825
3794
7853
13557
5838
-5869
-2680
8430
8287
1065
2296
5513
-4356
-17706
-15226
-3438
-1359
-5076
408
7939
1768
-8922
-4837
7740
9967
5748
9953
15263
5832
-8981
-9301
-627
-1159
-6678
-2330
4286
-3126
-15569
-13248
-1545
1360
-546
7177
16368
10138
-2842
-2632
5922
5246
-194
4331
10740
2050
-13106
-14532
-6615
-6552
-9764
-1714
8994
4625
-6896
-5711
3819
4664
1547
9059
18497
11891
-2955
-5925
-763
-3778
-9648
-3410
6248
993
-11856
-12465
-4616
-4572
-7034
2805
15858
13157
1407
193
5927
2816
-3265
3029
12934
7477
-6761
-10154
-5998
-9695
-15028
-6478
7019
5891
-4074
-3877
2895
799
-3809
4801
17776
15367
3098
-76
2559
-3884
-12364
-6481
5303
3171
-7758
-8937
-3896
-7625
-13070
-3785
11634
12899
4453
4308
8729
2862
-5796
-153
11768
9913
-1314
-3957
-1667
-9071
-18316
-11896
2360
4145
-2776
-1176
4714
-91
-7797
-692
13642
14902
6638
5884
8409
-532
-12617
-9373
2310
2444
-5541
-4945
-374
-6882
-16280
-10009
5123
8910
4268
7294
12884
5724
-5886
-2867
8655
8970
1184
1422
4559
-4702
-17863
-15410
-3031
-319
-4469
65
7468
1798
-8829
-4887
8193
10982
6253
9397
14451
5403
-9411
-9859
-581
-379
-6225
-2780
3683
-3285
-15694
-13464
-1110
2568
339
7094
15984
10005
-3142
-3182
5935
6017
290
3894
10044
1637
-13633
-15219
-6597
-5592
-8914
-1662
8826
4693
-7049
-6152
3967
5668
2372
9003
18112
11615
-3569
-6893
-1123
-3176
-9055
-3512
5970
929
-12196
-13126
-4633
-3580
-6007
3134
15941
13309
1088
-647
5571
3385
-2672
2958
12663
7317
-7357
-11222
-6490
-9114
-14241
-6178
7239
6259
-4191
-4574
2643
1508
-2978
5072
17882
15515
2635
-1237
1778
-3681
-11928
-6435
5368
3431
-8004
-9824
-4369
-7079
-12241
-3308
12128
13517
4420
3435
8068
3067
-5389
-109
11861
10178
-1657
-5106
-2554
-8998
-17890
-11652
2827
4906
-2590
-1848
4191
221
-7245
-407
14076
15547
6602
4860
7418
-750
-12567
-9480
2522
3052
-5460
-5750
-1094
-6794
-15883
-9721
5765
9946
4706
6695
12171
5620
-5834
-3004
8864
9607
1274
515
3569
-5029
-17935
-15524
-2619
697
-3881
-315
6952
1833
-8668
-4877
8641
11963
6723
8792
13578
4968
-9777
-10350
-519
387
-5784
-3265
3029
-3446
-15750
-13607
-654
3765
1208
6960
15529
9844
-3394
-3673
5962
6783
765
3413
9278
1201
-14104
-15832
-6541
-4617
-8055
-1643
8589
4728
-7162
-6535
4139
6678
3197
8904
17642
11289
-4152
-7804
-1451
-2549
-8439
-3637
5624
824
-12504
-13726
-4613
-2558
-4958
3435
15941
13400
777
-1450
5238
3980
-2053
2866
12314
7099
-7940
-12242
-6942
-8487
-13403
-5882
7392
6568
-4303
-5239
2415
2250
-2107
5331
17912
15589
2160
-2377
1020
-3436
-11434
-6379
5374
3632
-8254
-10687
-4819
-6483
-11348
-2818
12558
14060
4360
2563
7409
3305
-4924
-49
11897
10376
-2023
-6251
-3430
-8876
-17385
-11369
3255
5607
-2428
-2527
3665
564
-6626
-93
14462
16122
6527
3816
6413
-935
-12439
-9538
2709
3610
-5402
-6569
-1823
-6669
-15404
-9379
6385
10927
5105
6062
11426
5532
-5713
-3092
9052
10196
1329
-424
2551
-5333
-17924
-15567
-2204
1683
-3319
-726
6396
1875
-8437
-4809
9084
12905
7159
8140
12649
4529
-10074
-10773
-445
1136
-5359
-3783
2328
-3608
-15735
-13677
-182
4947
2058
6781
15005
9660
-3594
-4104
6004
7534
1224
2891
8448
746
-14518
-16369
-6453
-3633
-7192
-1656
8283
4732
-7230
-6857
4335
7688
4014
8759
17089
10918
-4702
-8654
-1745
-1904
-7806
-3786
5210
683
-12774
-14264
-4555
-1509
-3889
3707
15858
13430
480
-2209
4929
4594
-1414
2750
11889
6825
-8506
-13211
-7355
-7819
-12524
-5591
7474
6818
-4410
-5869
2212
3023
-1201
5575
17858
15588
1676
-3491
286
-3150
-10885
-6315
5319
3772
-8506
-11519
-5238
-5843
-10394
-2318
12921
14529
4277
1696
6760
3575
-4403
23
11871
10504
-2408
-7385
-4288
-8704
-16803
-11052
3638
6246
-2288
-3204
3141
942
-5941
247
14795
16622
6414
2757
5400
-1089
-12238
-9551
2867
4114
-5369
-7394
-2554
-6506
-14846
-8987
6978
11848
5466
5399
10652
5460
-5523
-3132
9215
10731
1353
-1389
1509
-5610
-17829
-15542
-1791
2630
-2782
-1166
5805
1926
-8137
-4683
9515
13800
7555
7443
11671
4090
-10303
-11127
-365
1860
-4953
-4329
1584
-3764
-15645
-13673
305
6108
2882
6555
14417
9455
-3744
-4473
6055
8266
1664
2330
7558
275
-14868
-16829
-6333
-2646
-6333
-1703
7913
4709
-7252
-7116
4552
8692
4820
8569
16458
10505
-5216
-9442
-2007
-1244
-7163
-3962
4729
506
-13002
-14732
-4458
-444
-2808
3948
15694
13403
199
-2922
4647
5226
-758
2607
11388
6497
-9049
-14122
-7725
-7114
-11605
-5310
7487
7009
-4508
-6456
2039
3821
-268
5800
17724
15514
1185
-4572
-418
-2828
-10289
-6249
5202
3853
-8755
-12314
-5624
-5160
-9389
-1813
13216
14924
4172
841
6123
3878
-3832
103
11785
10562
-2811
-8499
-5122
-8485
-16149
-10704
3976
6820
-2170
-3878
2624
1354
-5195
609
15073
17045
6264
1687
4385
-1206
-11963
-9522
2991
4560
-5359
-8220
-3284
-6306
-14206
-8547
7538
12703
5786
4712
9856
5406
-5268
-3127
9350
11205
1339
-2374
453
-5860
-17650
-15449
-1386
3534
-2275
-1633
5183
1992
-7767
-4502
9933
14643
7909
6705
10649
3656
-10462
-11414
-278
2554
-4569
-4904
804
-3913
-15481
-13593
802
7238
3676
6286
13770
9234
-3838
-4780
6114
8974
2080
1729
6611
-206
-15152
-17209
-6182
-1664
-5481
-1782
7483
4661
-7224
-7308
4788
9684
5609
8333
15750
10053
-5688
-10162
-2239
-577
-6515
-4163
4186
298
-13185
-15128
-4324
635
-1721
4154
15450
13321
-62
-3582
4391
5866
-93
2437
10812
6117
-9566
-14969
-8052
-6375
-10659
-5041
7431
7144
-4594
-6995
1894
4642
690
6003
17507
15369
694
-5613
-1091
-2469
-9650
-6180
5023
3875
-8999
-13066
-5975
-4436
-8335
-1307
13442
15240
4051
7
5504
4210
-3213
190
11633
10548
-3227
-9590
-5929
-8220
-15428
-10331
4266
7327
-2073
-4540
2120
1797
-4392
991
15293
17388
6079
616
3375
-1290
-11618
-9454
3078
4945
-5371
-9042
-4005
-6066
-13492
-8063
8062
13492
6065
4005
9043
5371
-4946
-3078
9454
11617
1291
-3374
-615
-6078
-17388
-15293
-991
4391
-1798
-2120
4540
2072
-7327
-4266
10330
15427
8220
5930
9590
3229
-10548
-11633
-190
3213
-4210
-5504
-6
-4050
-15240
-13442
1305
8334
4436
5974
13067
8999
-3875
-5024
6179
9650
2470
1091
5614
-693
-15369
-17507
-6003
-691
-4642
-1894
6996
4594
-7144
-7432
5040
10659
6375
8052
14970
9567
-6116
-10812
-2438
93
-5867
-4392
3582
62
-13320
-15450
-4154
1721
-636
4324
15128
13186
-297
-4186
4163
6514
577
2239
10162
5690
-10053
-15749
-8333
-5609
-9684
-4788
7308
7225
-4661
-7482
1782
5481
1663
6181
17209
15153
206
-6610
-1729
-2081
-8974
-6115
4780
3838
-9234
-13769
-6286
-3676
-7239
-803
13593
15481
3913
-804
4905
4568
-2554
278
11414
10462
-3655
-10649
-6704
-7909
-14643
-9933
4502
7767
-1992
-5183
1632
2275
-3535
1385
15449
17650
5861
-452
2374
-1339
-11205
-9350
3126
5268
-5405
-9855
-4711
-5785
-12704
-7539
8547
14206
6305
3285
8220
5359
-4560
-2992
9522
11963
1208
-4384
-1687
-6264
-17045
-15073
-609
5195
-1354
-2624
3878
2171
-6820
-3977
10704
16148
8485
5123
8499
2811
-10562
-11784
-104
3831
-3878
-6123
-841
-4173
-14924
-13216
1812
9389
5160
5625
12314
8756
-3853
-5203
6248
10289
2827
418
4573
-1185
-15514
-17723
-5800
267
-3822
-2039
6457
4509
-7010
-7487
5310
11605
7113
7725
14122
9049
-6495
-11388
-2608
758
-5226
-4647
2922
-198
-13402
-15694
-3948
2807
444
4458
14732
13002
-506
-4728
3962
7162
1243
2008
9442
5216
-10504
-16457
-8569
-4820
-8693
-4552
7116
7253
-4709
-7913
1703
6331
2645
6333
16829
14868
-274
-7557
-2330
-1665
-8267
-6055
4473
3744
-9454
-14417
-6555
-2882
-6108
-307
13671
15646
3765
-1584
4330
4953
-1860
364
11127
10304
-4090
-11670
-7442
-7556
-13801
-9515
4683
8137
-1927
-5804
1166
2782
-2631
1791
15542
17830
5611
-1508
1389
-1352
-10730
-9214
3131
5523
-5460
-10651
-5399
-5466
-11848
-6978
8986
14844
6506
2555
7394
5369
-4114
-2868
9550
12238
1089
-5399
-2756
-6413
-16622
-14795
-248
5941
-942
-3140
3205
2289
-6246
-3639
11051
16803
8705
4289
7385
2409
-10503
-11872
-23
4403
-3575
-6760
-1696
-4276
-14530
-12921
2317
10394
5843
5239
11520
8507
-3771
-5319
6315
10884
3151
-286
3491
-1675
-15588
-17858
-5576
1200
-3023
-2212
5868
4411
-6818
-7474
5591
12523
7818
7356
13211
8506
-6823
-11889
-2750
1414
-4595
-4929
2210
-479
-13430
-15858
-3707
3889
1509
4554
14264
12775
-682
-5209
3785
7805
1903
1745
8654
4704
-10918
-17089
-8759
-4015
-7689
-4335
6857
7230
-4732
-8282
1655
7192
3633
6453
16369
14518
-745
-8448
-2891
-1224
-7535
-6004
4104
3595
-9659
-15006
-6781
-2058
-4947
181
13676
15735
3608
-2327
3783
5359
-1136
446
10773
10075
-4529
-12648
-8139
-7159
-12906
-9085
4809
8437
-1875
-6395
726
3318
-1683
2204
15567
17925
5334
-2550
424
-1329
-10196
-9052
3091
5713
-5532
-11426
-6062
-5105
-10928
-6385
9378
15404
6669
1822
6569
5403
-3610
-2710
9538
12440
936
-6412
-3815
-6526
-16122
-14462
92
6625
-564
-3664
2526
2428
-5607
-3255
11369
17384
8876
3431
6252
2023
-10376
-11896
49
4924
-3305
-7409
-2562
-4360
-14060
-12558
2817
11346
6483
4820
10688
8255
-3631
-5374
6378
11433
3436
-1020
2378
-2160
-15589
-17912
-5332
2106
-2250
-2415
5239
4304
-6568
-7392
5881
13402
8487
6943
12243
7941
-7098
-12314
-2866
2053
-3980
-5238
1450
-776
-13399
-15941
-3436
4957
2556
4613
13726
12504
-824
-5624
3636
8438
2549
1451
7804
4152
-11289
-17642
-8904
-3197
-6679
-4140
6536
7162
-4727
-8588
1642
8054
4616
6541
15832
14106
-1200
-9278
-3413
-765
-6784
-5963
3673
3394
-9844
-15529
-6960
-1209
-3765
653
13607
15750
3447
-3029
3266
5784
-388
518
10350
9777
-4967
-13576
-8792
-6723
-11964
-8642
4877
8668
-1832
-6953
314
3881
-698
2618
15523
17935
5029
-3569
-514
-1274
-9607
-8864
3004
5834
-5620
-12171
-6695
-4706
-9946
-5765
9720
15883
6794
1095
5751
5460
-3053
-2523
9479
12566
750
-7417
-4860
-6602
-15547
-14077
406
7245
-221
-4191
1848
2590
-4906
-2828
11651
17890
8998
2555
5108
1657
-10178
-11861
108
5389
-3067
-8067
-3435
-4420
-13517
-12128
3306
12240
7078
4369
9824
8005
-3431
-5368
6435
11927
3681
-1778
1237
-2635
-15515
-17883
-5073
2978
-1508
-2643
4573
4190
-6260
-7239
6177
14240
9113
6490
11223
7359
-7317
-12663
-2959
2673
-3386
-5570
647
-1087
-13309
-15941
-3135
6007
3579
4632
13126
12196
-928
-5970
3511
9054
3176
1123
6893
3569
-11614
-18112
-9003
-2372
-5670
-3967
6151
7049
-4692
-8826
1662
8913
5592
6597
15219
13635
-1635
-10043
-3894
-291
-6018
-5935
3183
3143
-10005
-15984
-7094
-340
-2568
1109
13464
15694
3285
-3683
2780
6225
380
581
9859
9413
-5403
-14449
-9397
-6253
-10983
-8193
4887
8830
-1797
-7468
-65
4468
318
3030
15411
17863
4703
-4558
-1422
-1184
-8970
-8656
2867
5886
-5723
-12884
-7294
-4269
-8911
-5123
10008
16280
6883
375
4945
5541
-2445
-2311
9372
12616
532
-8408
-5884
-6638
-14903
-13643
692
7797
91
-4714
1177
2776
-4147
-2361
11895
18316
9072
1667
3958
1314
-9912
-11767
152
5795
-2862
-8729
-4307
-4453
-12899
-11635
3785
13070
7625
3896
8938
7758
-3171
-5303
6480
12364
3884
-2558
78
-3097
-15367
-17776
-4802
3808
-799
-2896
3877
4074
-5891
-7019
6478
15027
9695
5998
10155
6762
-7477
-12934
-3030
3265
-2816
-5927
-193
-1407
-13157
-15859
-2806
7033
4572
4616
12465
11856
-992
-6248
3409
9648
3778
763
5927
2955
-11890
-18497
-9059
-1548
-4665
-3819
5711
6897
-4624
-8995
1714
9764
6551
6615
14532
13107
-2049
-10739
-4331
193
-5247
-5922
2633
2843
-10138
-16367
-7179
546
-1361
1543
13248
15570
3126
-4286
2331
6678
1158
627
9301
8981
-5830
-15262
-9952
-5748
-9967
-7741
4837
8923
-1767
-7939
-408
5076
1359
3437
15226
17706
4357
-5512
-2296
-1064
-8288
-8431
2680
5870
-5837
-13556
-7854
-3795
-7825
-4462
10240
16593
6938
-330
4159
5647
-1791
-2078
9217
12588
285
-9379
-6879
-6633
-14191
-13165
943
8278
368
-5229
515
2989
-3332
-1860
12098
18658
9097
772
2810
994
-9581
-11621
178
6140
-2691
-9388
-5175
-4459
-12212
-11082
4244
13831
8122
3400
8030
7519
-2853
-5183
6512
12738
4044
-3356
-1097
-3542
-15146
-17590
-4523
4594
-126
-3168
3155
3960
-5464
-6733
6776
15761
10228
5470
9048
6157
-7579
-13128
-3081
3825
-2275
-6306
-1064
-1730
-12942
-15694
-2452
8029
5530
4561
11751
11486
-1013
-6456
3328
10215
4351
373
4909
2320
-12114
-18797
-9072
-729
-3675
-3696
5216
6708
-4520
-9090
1798
10601
7489
6597
13777
12529
-2436
-11364
-4727
685
-4474
-5927
2028
2502
-10240
-16672
-7214
1441
-151
1955
12961
15377
2972
-4832
1917
7138
1941
656
8678
8489
-6247
-16008
-10455
-5216
-8925
-7289
4728
8949
-1738
-8360
-713
5703
2420
3834
14971
17468
3996
-6426
-3130
-914
-7569
-8194
2441
5786
-5959
-14184
-8370
-3286
-6697
-3785
10415
16822
6962
-1014
3394
5775
-1097
-1826
9009
12480
10
-10325
-7842
-6590
-13417
-12648
1160
8687
613
-5731
-127
3225
-2464
-1326
12256
18916
9076
-124
1670
700
-9187
-11423
179
6419
-2554
-10043
-6029
-4434
-11455
-10474
4684
14520
8570
2887
7112
7291
-2479
-5007
6526
13045
4157
-4165
-2276
-3968
-14851
-17329
-4239
5329
506
-3459
2414
3850
-4977
-6382
7072
16433
10708
4910
7908
5548
-7620
-13245
-3117
4348
-1768
-6704
-1963
-2054
-12662
-15447
-2077
8987
6448
4471
10985
11091
-990
-6594
3267
10749
4891
-51
3847
1664
-12283
-19007
-9044
79
-2703
-3597
4670
6487
-4376
-9113
1913
11418
8398
6541
12956
11904
-2792
-11914
-5080
1175
-3708
-5951
1371
2120
-10309
-16900
-7203
2342
1054
2341
12606
15124
2828
-5321
1541
7602
2723
666
7989
7935
-6649
-16684
-10902
-4657
-7862
-6842
4560
8912
-1706
-8727
-976
6346
3492
4217
14644
17151
3621
-7293
-3923
-738
-6817
-7948
2152
5634
-6088
-14762
-8840
-2743
-5531
-3101
10529
16967
6957
-1673
2657
5926
-367
-1561
8747
12293
-290
-11239
-8765
-6508
-12587
-12097
1337
9020
827
-6215
-747
3487
-1551
-768
12366
19087
9008
-1016
545
434
-8734
-11177
156
6631
-2451
-10687
-6864
-4377
-10634
-9813
5098
15133
8967
2361
6187
7074
-2049
-4783
6520
13282
4224
-4984
-3455
-4369
-14483
-16998
-3955
6009
1097
-3764
1660
3748
-4432
-5968
7360
17042
11135
4320
6740
4937
-7602
-13288
-3139
4828
-1295
-7120
-2882
-2374
-12318
-15119
-1685
9904
7322
4344
10177
10676
-923
-6659
3222
11245
5392
-504
2745
994
-12397
-19130
-8977
870
-1754
-3525
4079
6238
-4192
-9060
2057
12210
9275
6447
12074
11238
-3116
-12387
-5390
1661
-2952
-5993
665
1702
-10340
-17043
-7142
3245
2248
2699
12183
14810
2697
-5745
1203
8065
3499
653
7240
7328
-7033
-17287
-11294
-4078
-6784
-6403
4336
8812
-1670
-9033
-1197
6997
4570
4582
14248
16756
3237
-8110
-4669
-536
-6039
-7697
1808
5417
-6219
-15284
-9259
-2171
-4334
-2411
10583
17027
6926
-2300
1953
6098
391
-1288
8431
12027
-614
-12115
-9647
-6387
-11703
-11515
1474
9279
1012
-6674
-1340
3775
-597
-187
12425
19169
8895
-1897
-558
195
-8225
-10890
105
6770
-2382
-11313
-7674
-4288
-9751
-9106
5484
15667
9310
1828
5265
6873
-1568
-4512
6490
13446
4245
-5807
-4627
-4744
-14047
-16597
-3674
6630
1644
-4078
900
3656
-3829
-5496
7636
17581
11503
3704
5553
4331
-7524
-13258
-3152
5262
-862
-7549
-3814
-2686
-11908
-14713
-1276
10773
8147
4186
9331
10244
-807
-6655
3191
11699
5851
-985
1609
315
-12451
-19165
-8873
1640
-833
-3476
3446
5965
-3964
-8932
2227
12971
10113
6313
11135
10532
-3402
-12780
-5659
2138
-2214
-6056
-87
1254
-10330
-17104
-7035
4142
3422
3026
11697
14441
2582
-6104
905
8523
4261
616
6431
6669
-7392
-17810
-11628
-3481
-5699
-5975
4055
8653
-1625
-9278
-1374
7657
5646
4926
13781
16286
2849
-8869
-5367
-314
-5240
-7444
1415
5137
-6349
-15745
-9624
-1570
-3113
-1722
10576
17007
6870
-2891
1283
6288
1176
-1008
8058
11684
-956
-12948
-10480
-6227
-10774
-10907
1570
9463
1170
-7105
-1898
4088
396
411
12432
19162
8739
-2763
-1635
-12
-7664
-10565
24
6840
-2346
-11918
-8453
-4164
-8811
-8354
5840
16119
9604
1292
4349
6688
-1038
-4197
6433
13534
4217
-6627
-5785
-5091
-13541
-16130
-3398
7187
2146
-4401
139
3580
-3173
-4968
7899
18048
11814
3064
4353
3733
-7383
-13157
-3158
5644
-470
-7990
-4754
-2986
-11434
-14229
-857
11589
8921
3997
8453
9799
-645
-6582
3173
12104
6262
-1491
444
-370
-12445
-19111
-8735
2382
52
-3453
2778
5673
-3693
-8729
2423
13696
10905
6142
10145
9797
-3651
-13090
-5887
2599
-1498
-6141
-878
779
-10279
-17079
-6881
5028
4574
3320
11151
14020
2486
-6393
644
8971
5004
551
5566
5963
-7726
-18253
-11905
-2873
-4613
-5561
3720
8440
-1569
-9457
-1505
8319
6714
5246
13246
15745
2459
-9569
-6013
-72
-4430
-7196
969
4796
-6474
-16142
-9934
-947
-1874
-1038
10506
16906
6795
-3440
653
6495
1977
-730
7629
11263
-1315
-13732
-11260
-6032
-9805
-10279
1621
9572
1301
-7500
-2420
4423
1419
1019
12384
19067
8541
-3608
-2679
-191
-7057
-10207
-90
6836
-2338
-12497
-9196
-4005
-7818
-7565
6158
16488
9847
760
3446
6521
-462
-3844
6347
13544
4144
-7443
-6923
-5405
-12970
-15602
-3132
7678
2603
-4726
-615
3517
-2463
-4389
8143
18436
12064
2409
3146
3148
-7187
-12987
-3160
5970
-122
-8440
-5695
-3270
-10897
-13671
-431
12347
9639
3780
7550
9349
-436
-6443
3163
12457
6624
-2023
-740
-1056
-12379
-18971
-8566
3091
900
-3453
2079
5367
-3376
-8452
2639
14379
11649
5933
9109
9033
-3858
-13323
-6078
3039
-809
-6247
-1705
283
-10182
-16968
-6683
5897
5694
3584
10550
13553
2412
-6613
421
9404
5722
460
4650
5215
-8031
-18610
-12122
-2256
-3533
-5162
3334
8173
-1497
-9567
-1590
8981
7768
5539
12646
15137
2071
-10202
-6607
186
-3611
-6952
475
4398
-6591
-16470
-10185
-303
-626
-361
10376
16726
6701
-3944
67
6718
2791
-454
7145
10769
-1688
-14463
-11983
-5802
-8800
-9636
1628
9607
1411
-7859
-2900
4782
2466
1636
12281
18882
8305
-4426
-3686
-340
-6408
-9817
-238
6761
-2361
-13043
-9897
-3811
-6777
-6745
6440
16772
10039
233
2563
6374
155
-3457
6229
13473
4024
-8245
-8031
-5687
-12340
-15017
-2878
8101
3012
-5048
-1356
3474
-1705
-3762
8366
18745
12252
1738
1940
2577
-6933
-12752
-3161
6237
181
-8893
-6628
-3536
-10298