10.328
20.3829
26.3738
30.5381
35.161
40.9596
46.627
49.7434
48.3483
42.0906
32.2636
20.8497
9.35547
-1.74651
-12.6922
-23.6128
-33.937
-42.46
-47.9723
-49.9173
-48.5758
-44.6853
-38.8499
-31.2245
-21.6961
-10.3652
2.10002
14.5396
25.7472
34.9325
41.8555
46.5694
49.0268
48.8985
45.7576
39.4694
30.4584
19.6291
8.0007
-3.65994
-14.936
-25.5507
-35.0651
-42.7631
-47.8387
-49.742
-48.412
-44.2227
-37.7031
-29.2714
-19.1947
-7.78165
4.38599
16.4112
27.2938
36.246
42.8715
47.0812
48.841
47.984
44.2614
37.5995
28.3487
17.3044
5.46151
-6.32018
-17.4948
-27.7365
-36.6836
-43.7627
-48.2641
-49.6274
-47.7157
-42.8636
-35.6656
-26.6819
-16.2978
-4.83293
7.22032
19.0651
29.7222
38.3361
44.4323
47.9292
48.909
47.3558
43.1002
36.0326
26.409
14.9828
2.81936
-9.08555
-20.1009
-29.9472
-38.4088
-45.0362
-49.1201
-49.9917
-47.4264
-41.8185
-33.9712
-24.6554
-14.2908
-3.00701
8.97172
20.96
31.8119
40.343
45.8709
48.4421
48.5482
46.5514
42.3038
35.3146
25.3743
13.1328
0.104049
-12.0093
-22.2162
-30.6538
-38.1195
-44.9889
-50.33
-51.9863
-47.7509
-36.9333
-21.2355
-4.23303